(-1.095, -0.262, 0.8895)
0.0042714057, 0.005827235, 0.007469695, 3.1415253
0.014279391, 0.013665993, 0.011270969, 2.9211776
0.044457372, 0.02464682, 0.035675533, 2.67235
0.06618005, 0.029230267, 0.032563727, 2.4487047
0.08718202, 0.036590632, 0.023597185, 2.8962948
0.10388822, 0.045190178, 0.00929277, 3.0228074
0.13695839, 0.05136195, 0.0016641505, 3.0791683
0.18323632, 0.06392081, -0.01146294, 2.6696517
0.24019304, 0.07836762, -0.022610225, 2.7490969
0.29932195, 0.10271514, -0.036961585, 2.7311094
0.3497057, 0.13099973, -0.052028853, 2.202875
0.41378093, 0.1730407, -0.075152196, 3.3465831
0.48704052, 0.2214868, -0.10062621, 2.685541
0.5419466, 0.26458344, -0.12240332, 2.857022
0.57014215, 0.28343865, -0.1363796, 2.760189
0.59532624, 0.29691076, -0.14955485, 2.642071
0.6161817, 0.30661097, -0.15779054, 2.9400647
0.6281072, 0.32114816, -0.1588158, 2.5443387
0.6234337, 0.3417651, -0.15438682, 3.0467908
0.59909225, 0.36963087, -0.13911226, 2.1848874
0.5608909, 0.4186041, -0.11603818, 2.205573
0.50311226, 0.4872402, -0.092233256, 2.145015
0.44923776, 0.53074735, -0.06989792, 1.9723346
0.3896878, 0.5744962, -0.04890796, 2.1555078
0.33551633, 0.6242248, -0.03575279, 2.1330233
0.29071644, 0.67788875, -0.026051493, 1.9309633
0.2545584, 0.73439234, -0.015145592, 1.8545161
0.19981514, 0.78012574, -0.017667849, 2.0301945
0.15526806, 0.7890373, -0.016493784, 2.000515
0.10943258, 0.7938466, -0.013913176, 2.0940504
0.06692121, 0.7972024, -0.018166434, 2.0622723
0.007846725, 0.7652053, -0.023649475, 2.0221002
-0.06275779, 0.7019504, -0.01679191, 1.8278346
-0.1673713, 0.60609496, -0.012503784, 1.5334384
-0.25036895, 0.52563053, -0.015589252, 1.5862019
-0.31769586, 0.4554122, -0.020466847, 1.3928357
-0.36253902, 0.40774074, -0.029319791, 1.4153202
-0.40143293, 0.35877296, -0.042350955, 1.339173
-0.41982102, 0.32676634, -0.0479549, 1.360758
-0.42964873, 0.29128698, -0.04505648, 1.339173
-0.43209532, 0.27087823, -0.03877507, 1.3505651
-0.41509488, 0.26619852, -0.011303075, 1.2657237
-0.38003448, 0.26042607, 0.04038797, 1.0672611
-0.32791123, 0.24374866, 0.109133795, 1.6086863
-0.26456696, 0.22567736, 0.1810455, 1.5604198
-0.20187977, 0.201842, 0.24938016, 1.5187486
-0.14825146, 0.1788821, 0.30360657, 1.4048275
-0.10464308, 0.16054688, 0.3504696, 1.3712507
-0.080092795, 0.14948793, 0.3785998, 1.3148897
-0.06632429, 0.1422805, 0.39597183, 1.2822124
-0.054008536, 0.13428214, 0.41284704, 1.3814436
-0.046519727, 0.1253015, 0.42593563, 1.3487663
-0.039545234, 0.118849285, 0.43494806, 1.2114613
-0.038171127, 0.11497684, 0.43996823, 1.265424
-0.038303714, 0.11394626, 0.44396085, 1.3964332
-0.034604475, 0.11234063, 0.44885936, 1.2588285
-0.022986306, 0.10653129, 0.4489687, 1.2879084
-0.00612762, 0.10490283, 0.44843143, 1.1425091
0.024475038, 0.10628872, 0.4490263, 1.0498732
0.063781984, 0.10067266, 0.44983327, 1.5595204
0.11002674, 0.09396885, 0.45034567, 1.4147207
0.15722652, 0.09146312, 0.45029014, 1.5463295
0.19700675, 0.08462712, 0.45144773, 1.6845338
0.22390398, 0.073213115, 0.4510553, 1.6443616
0.23782891, 0.05999283, 0.44877195, 1.8644093
0.2411333, 0.049412686, 0.44689754, 1.577508
0.2399176, 0.042290136, 0.44472975, 1.389538
0.24006692, 0.033166043, 0.44624013, 1.5067569
0.23921368, 0.027633924, 0.44715512, 2.264932
0.2323377, 0.024308303, 0.44136935, 2.312599
0.21488638, 0.021171628, 0.42705137, 2.3326852
0.18108809, 0.020542419, 0.40587234, 1.3733493
0.13651238, 0.024526227, 0.37709865, 2.2322547
0.0858905, 0.03610788, 0.35049146, 1.4000307
0.025503363, 0.06465094, 0.32574672, 1.3835422
-0.13488655, 0.1349063, 0.27771154, 1.4165194
-0.22654498, 0.15553242, 0.25856394, 1.2924052
-0.33628446, 0.17043862, 0.23516406, 0.87959105
-0.42798924, 0.1790279, 0.22018695, 1.0234915
-0.4967931, 0.17726752, 0.21173775, 1.0156969
-0.5452092, 0.1716542, 0.2115908, 0.96892923
-0.5810795, 0.16610609, 0.21972756, 1.0510724
-0.61950666, 0.15982091, 0.2285483, 1.0114998
-0.6519031, 0.15593787, 0.22667713, 1.0252903
-0.6985768, 0.15320809, 0.22357647, 1.0603659
-0.7562074, 0.14399938, 0.23145236, 1.0522715
-0.8195346, 0.13512528, 0.24378626, 1.0777539
-0.883366, 0.13030133, 0.24988754, 1.0714582
-0.92311877, 0.13059652, 0.25123042, 1.0507725
-0.9410713, 0.13938822, 0.2588268, 1.0507725
-0.95092356, 0.14011419, 0.27302906, 1.0082021
-0.9575132, 0.13681933, 0.30797285, 0.9983089
-0.9582627, 0.12386982, 0.3649786, 0.9563379
-0.95170486, 0.10532647, 0.43865967, 0.8496118
-0.9430617, 0.088932745, 0.5145684, 0.7866554
-0.9369444, 0.07685606, 0.56442624, 0.75217927
-0.9249854, 0.069818385, 0.61386347, 0.70001537
-0.9180162, 0.0642059, 0.6513423, 0.6013837
-0.91461116, 0.05418445, 0.70111346, 0.49135983
-0.9120774, 0.0479647, 0.7485812, 0.46018142
-0.90957177, 0.0405759, 0.80705965, 0.46617728
-0.91172135, 0.03773331, 0.8561465, 0.42330694
-0.9157724, 0.035285927, 0.89142704, 0.397225
-0.9190559, 0.038149334, 0.9129233, 0.3780383
-0.9206043, 0.035606407, 0.92714775, 0.35945114
-0.920837, 0.02721553, 0.933408, 0.3417634
-0.9176209, 0.01973307, 0.93808675, 0.33756632
-0.9097327, 0.017603805, 0.9404963, 0.342363
-0.8985032, 0.016078817, 0.94339114, 0.3501576
-0.8845535, 0.0052377246, 0.94812834, 0.34356216