(1.95, -0.392, -2.435)
-0.0014158674, 0.002125319, -0.001100935, 3.1586134
-0.00088732585, 0.0029594076, -0.0053068264, 3.0515873
-0.003109634, 0.0030686222, -0.0068355873, 3.0656776
-0.0034106327, 0.00589282, -0.0065589114, 3.0929587
-0.002098862, 0.0060794977, -0.0057545565, 3.0333002
-0.0026757019, 0.008020712, -0.005921817, 3.065378
-0.001080785, 0.009676439, -0.014867581, 3.072573
0.0023067435, -0.0063245115, -0.030481331, 3.0749712
0.0038613528, -0.005709236, -0.043341555, 3.0899608
0.006509971, -0.0020933328, -0.05554527, 3.1061497
0.0062238015, -0.0036949539, -0.07000882, 3.111546
0.008591175, -0.0077791554, -0.08798756, 3.1046507
0.011567302, -0.012550064, -0.107479736, 3.0530863
0.018301308, -0.014777562, -0.13483426, 3.0422938
0.02372803, -0.018622318, -0.16877489, 3.0084174
0.021649115, -0.016539898, -0.21310803, 2.9919288
0.015752077, -0.017552702, -0.26634556, 2.9463603
0.014227726, -0.014932506, -0.31167808, 2.9127836
0.02972769, -0.012798472, -0.35424766, 2.8408334
0.06121254, -0.009024491, -0.4073083, 2.7781768
0.10823791, -0.011450179, -0.47743317, 2.703828
0.15764377, 0.0072108665, -0.5440304, 2.6006997
0.18932536, 0.043557614, -0.60083365, 2.5515337
0.21385457, 0.060608935, -0.63976455, 2.446906
0.24496986, 0.06046025, -0.66170263, 2.433715
0.27039087, 0.0596981, -0.67201567, 2.4496043
0.29325706, 0.057490285, -0.6718922, 2.4037359
0.309328, 0.045854937, -0.6675987, 2.4277194
0.31626767, 0.03849867, -0.6593398, 2.4373126
0.31948137, 0.03340202, -0.65085894, 2.429818
0.3194972, 0.030813677, -0.6423561, 2.4148283
0.31181413, 0.030343145, -0.6362443, 2.4720886
0.30021557, 0.028227782, -0.6280887, 2.42682
0.28643602, 0.02663094, -0.62138885, 2.477485
0.26961893, 0.025256395, -0.62371725, 2.4690907
0.25305206, 0.026476838, -0.63856053, 2.4217234
0.23894097, 0.02937026, -0.66322714, 2.4229226
0.22833227, 0.03632367, -0.6935808, 2.409432
0.21878253, 0.043941908, -0.73082894, 2.378853
0.2057937, 0.04742171, -0.78421295, 2.323991
0.19262955, 0.046313304, -0.852001, 2.2631333
0.18056588, 0.044928346, -0.9357787, 2.255039
0.16697451, 0.050525256, -1.0176468, 2.0664694
0.14851114, 0.06171093, -1.0787749, 1.961542
0.122277364, 0.067548975, -1.1328467, 2.5290492
0.10125065, 0.06884508, -1.1845711, 2.6786456
0.08581731, 0.0670457, -1.2430502, 2.5839112
0.07597122, 0.068098865, -1.3108659, 2.2034745
0.07025635, 0.072034426, -1.378619, 2.1863863
0.05648429, 0.074268654, -1.4291164, 2.172596
0.04517597, 0.07635949, -1.4695195, 2.097648
0.039399043, 0.07323366, -1.5062932, 2.0892537
0.039913014, 0.07590774, -1.5284128, 2.1168346
0.05531323, 0.07622273, -1.5375743, 2.1402183
0.08460927, 0.0667897, -1.5289662, 2.477185
0.121159315, 0.051412385, -1.5072955, 1.8032516
0.15093206, 0.054828543, -1.4706209, 1.8074487
0.17437671, 0.06366722, -1.4223932, 1.8368284
0.1970173, 0.06517677, -1.3549598, 1.9810286
0.21683328, 0.057713952, -1.2633275, 2.0391884
0.23012666, 0.053436782, -1.1587384, 2.0304942
0.23418517, 0.061687242, -1.0635713, 2.186986
0.22877021, 0.07225921, -0.9794562, 2.1992774
0.21784268, 0.0753961, -0.8927286, 2.3491738
0.1942876, 0.07193724, -0.7874088, 2.4523022
0.17450276, 0.051125858, -0.6733227, 2.5002692
0.16818726, 0.05298825, -0.56063884, 2.589907
0.1701115, 0.062309038, -0.45437098, 2.6381736
0.17509909, 0.058957946, -0.34110972, 2.7284112
0.16577147, 0.062403124, -0.20389989, 2.8120532
0.13896301, 0.069969654, -0.06185281, 3.069575
0.11536832, 0.084144026, 0.06669673, 2.9256747
0.05571688, 0.12946768, 0.34923762, 3.708133
0.042869702, 0.09125157, 0.43369135, 3.604105
0.04687795, 0.05883163, 0.516279, 3.6035054
0.074671045, 0.038324073, 0.60460055, 3.7534015
0.11885165, 0.03849794, 0.69441277, 3.8832116
0.15124926, 0.040750682, 0.77438414, 3.8214545
0.17517367, 0.041255962, 0.8335588, 3.8478363
0.20995353, 0.03010851, 0.907898, 3.7776847
0.25187117, 0.020002652, 0.9907393, 4.0424013
0.29233295, 0.023286162, 1.052625, 4.117949
0.3476476, 0.03576949, 1.085164, 3.9239836
0.420598, 0.09123262, 1.0957242, 4.2039895
0.4897966, 0.15710562, 1.0929458, 3.751603
0.5420828, 0.23590663, 1.0871912, 4.181805
0.564216, 0.31534752, 1.0627297, 4.1146517
0.5586126, 0.38593856, 1.0238397, 4.121247
0.5248695, 0.4727642, 0.99069947, 4.1074567
0.4773972, 0.5962484, 0.9743313, 4.00103
0.41435546, 0.68641585, 0.96942884, 4.095165
0.3501656, 0.6999278, 0.96758133, 4.0945654
0.28548905, 0.65012115, 0.96038467, 4.16022
0.21381958, 0.57256603, 0.9418072, 4.0954647
0.16734354, 0.4661141, 0.9156066, 4.070582
0.1180671, 0.33015165, 0.8704828, 3.8616266
0.095367156, 0.19537227, 0.85122573, 3.910193
0.07384838, 0.13287148, 0.85257745, 3.771389
0.03516195, 0.107625976, 0.8416242, 3.9209855
-0.0058443034, 0.08520682, 0.84182066, 3.9515643
-0.036908027, 0.075629786, 0.8379846, 4.022915
-0.055256814, 0.07211826, 0.8382683, 3.9833424
-0.08398968, 0.07185083, 0.833713, 3.9662542
-0.12409624, 0.07348221, 0.8268126, 3.8853102
-0.17287256, 0.07199181, 0.82343346, 3.8628259
-0.21083994, 0.06818568, 0.8219343, 4.1638174
-0.23447116, 0.065386124, 0.8191434, 4.53556
-0.24547236, 0.06505967, 0.8135097, 4.673165
-0.24990039, 0.061864708, 0.80278224, 4.404251
-0.24041407, 0.054270063, 0.7816646, 4.4240375
-0.22055145, 0.05114608, 0.75037706, 4.3949575
-0.20196047, 0.051719904, 0.72442055, 4.3472905
-0.19337983, 0.055234227, 0.70412487, 4.264548
-0.17986548, 0.056006897, 0.6823489, 4.191698
-0.15978882, 0.056494866, 0.6531312, 4.2333694
-0.13359636, 0.051458806, 0.60876787, 4.567338
-0.1052552, 0.04374731, 0.55603063, 3.8718195
-0.07918511, 0.033133365, 0.4816348, 4.2417636
-0.06690182, 0.021213658, 0.37971917, 3.4284265
-0.061465345, 0.02060524, 0.24717163, 3.4482129
-0.019716226, 0.049942143, -0.0360505, 3.2065802
0.014187701, 0.04664215, -0.1706669, 3.066877
0.05242981, 0.036777586, -0.3245082, 2.9025905
0.09182936, 0.04922348, -0.48106834, 2.6933355
0.12559801, 0.07394519, -0.6151872, 2.6870399
0.16322887, 0.069358066, -0.76338595, 2.454101
0.20653112, 0.05472302, -0.9220299, 2.2937121
0.2575189, 0.052896697, -1.0872662, 2.1950803
0.31810862, 0.05678794, -1.2355487, 1.9990162
0.37917632, 0.043840278, -1.3854247, 1.8470213
0.4478271, 0.026658319, -1.5339065, 1.7058191
0.50865465, 0.03784219, -1.6650462, 1.6035899
0.5577616, 0.03794624, -1.7274523, 1.4429011
0.5999817, 0.019709617, -1.8683459, 1.3325775
0.63815814, 0.010583249, -2.016669, 1.2045661
0.6807713, 0.017844236, -2.149533, 1.071758
0.7170997, 0.027098073, -2.2619092, 1.0921439
0.7680859, 0.017055672, -2.38659, 1.4183182
0.83283794, 0.007059271, -2.5109718, 1.3310785
0.8896522, 0.020332148, -2.6314533, 1.3442694
0.93043286, 0.027608667, -2.744997, 1.4668845
0.97645724, 0.011089377, -2.8512347, 0.98271966
1.0270449, -0.007776724, -2.9572558, 1.1356138
1.0792924, -0.022257907, -3.0559232, 1.3466678
1.122695, -0.032754872, -3.1248722, 1.1571989
1.1576835, -0.045913815, -3.177874, 0.9737259
1.2013448, -0.067920245, -3.2257228, 1.0606657
1.2538139, -0.09137802, -3.26912, 0.9524406
1.3121731, -0.110344864, -3.314048, 1.1673918
1.3591131, -0.1239544, -3.344404, 0.98751634
1.4171709, -0.14000645, -3.348073, 0.9386502
1.4331651, -0.15167461, -3.3656077, 1.0106003
1.436917, -0.16034281, -3.3863702, 0.98901534
1.4347785, -0.17139797, -3.4117637, 1.2651242
1.4394298, -0.1813197, -3.4311335, 1.3226843
1.4492615, -0.17774463, -3.4329872, 1.1371127
1.4558114, -0.17908187, -3.4208806, 1.0807518
1.4611245, -0.17868859, -3.3973467, 1.3223845
1.462397, -0.17457215, -3.3689322, 0.8948805
1.4957145, -0.16498815, -3.3196936, 0.79415023
1.4829013, -0.16312928, -3.2891183, 0.8085403
1.4627594, -0.1643839, -3.2536352, 0.6646399
1.4353142, -0.16485786, -3.2101831, 0.6337612
1.4109719, -0.16107462, -3.1661685, 0.64515334
1.3864928, -0.16138588, -3.122261, 0.60348225
1.3645605, -0.15246513, -3.0770147, 0.5794988
1.3413684, -0.14153889, -3.0335183, 0.5606119
1.3197509, -0.12838607, -3.0062575, 0.550419
1.3001276, -0.112735294, -3.00574, 0.57380277
1.2814426, -0.10171561, -3.0303333, 0.63466066
1.2646366, -0.09127068, -3.0781374, 0.6721347
1.2519866, -0.07550199, -3.1451786, 0.7311938
1.2453592, -0.058369443, -3.2033348, 0.7725652
1.2372416, -0.032963224, -3.2372892, 0.7938504
1.2300087, -0.0059552146, -3.254717, 0.81153816
1.2186626, 0.018814195, -3.2598972, 0.8511108
1.1970681, 0.03643436, -3.256635, 0.85590744
1.1663357, 0.05621764, -3.2474859, 0.8831886
1.1307825, 0.07574599, -3.233941, 0.9146668
1.0911788, 0.08891992, -3.215109, 0.9239603
1.0445135, 0.101044066, -3.193863, 0.94824356
0.9910108, 0.10663715, -3.1707473, 0.97882235
0.9391383, 0.10752188, -3.1494772, 0.96802986
0.8920525, 0.103571035, -3.1324842, 1.0921439
0.85745984, 0.09721583, -3.120212, 1.105035
0.8409476, 0.09285156, -3.1125362, 1.1218234
0.83731335, 0.09137328, -3.105678, 1.0903451
0.8393584, 0.0898061, -3.0987215, 1.0933431
0.84431994, 0.08797828, -3.092483, 1.066062
0.84994364, 0.087445244, -3.086975, 1.1323161
0.85320556, 0.08846262, -3.0826447, 1.096341
0.85487545, 0.091692686, -3.0781488, 1.0933431
0.85426843, 0.09612075, -3.07535, 1.1179261
0.8484475, 0.09700911, -3.074522, 1.1176263
0.8427847, 0.09226677, -3.0762591, 1.1122301
0.8387439, 0.08892671, -3.0775464, 1.1275195
0.8353157, 0.08832097, -3.0786407, 1.1335152
0.83404845, 0.08711669, -3.0782225, 1.1146283
0.834758, 0.08606102, -3.0769322, 1.0912446
0.83732283, 0.08455854, -3.0742967, 1.1014374
0.84015787, 0.08194434, -3.0725384, 1.1095319
0.8455573, 0.07636114, -3.0705602, 1.120924
0.8590205, 0.06213781, -3.066446, 0.96832967
0.8945321, 0.032573562, -3.0570416, 1.0019064
0.94996357, 0.0011688266, -3.0410624, 0.8915828
1.0078949, -0.025492202, -3.013491, 0.7072104
1.066791, -0.04310116, -2.974292, 0.67902994
1.1254619, -0.060774308, -2.9302397, 0.6400569
1.1801058, -0.07788168, -2.8904428, 0.6412561
1.2296412, -0.095374085, -2.8611615, 0.6244677
1.2788627, -0.112352476, -2.838898, 0.55101854
1.3160465, -0.13379766, -2.8052676, 0.629864
1.3531673, -0.15651442, -2.7642703, 0.7839573
1.3915634, -0.17266482, -2.7264886, 0.21645015
1.4206387, -0.19304627, -2.6967628, 0.1193174
1.4395672, -0.20312355, -2.6789725, 0.13190868
1.4513943, -0.21266076, -2.6696498, 0.111522794
1.4668033, -0.21949777, -2.6653633, 0.07494812
1.4785266, -0.22175798, -2.6672664, 0.064455375
1.4866503, -0.22691795, -2.6692636, 0.04017219
1.500666, -0.23310316, -2.6760862, 0.041071568
1.5140997, -0.24104612, -2.680522, -0.086340226
1.5259221, -0.25502297, -2.6804311, -0.008693981
1.5341486, -0.27056956, -2.6813526, -0.0011991698
1.5448719, -0.28385967, -2.6838012, 0.0005995849
1.558348, -0.29595894, -2.6867297, 0.025182566
1.5706484, -0.313535, -2.6854079, -0.05336306
1.5838689, -0.33207664, -2.6823077, -0.03777385
1.6186644, -0.34871233, -2.6669362, 0.06595434
1.6248677, -0.36002365, -2.6676219, 0.1268122
1.6296543, -0.3675964, -2.669111, 0.10642632
1.6330683, -0.37272888, -2.669051, 0.09443463
1.5130624, -0.3755981, -2.7408333, 0.13340764
1.5148834, -0.37369758, -2.7411065, 0.13340764
1.5155513, -0.3743361, -2.7409675, 0.13670535
1.5127798, -0.37431592, -2.740642, 0.13940349
1.5125068, -0.37445545, -2.741593, 0.12981014
1.5568929, -0.37905726, -2.7136548, 0.12651242
1.5571507, -0.37776628, -2.713162, 0.11781844
1.5604937, -0.37799513, -2.7139418, 0.14060266
1.6148065, -0.3763737, -2.6860363, 0.14210163
1.6068475, -0.37755382, -2.6845686, 0.16908294
1.5588713, -0.37345073, -2.7169688, 0.10882466
1.5593544, -0.37387568, -2.7184138, 0.112721965
1.5595471, -0.37527552, -2.718296, 0.11482051
1.5597663, -0.37337816, -2.719511, 0.115420096
1.560614, -0.3731452, -2.7195985, 0.123514496
1.5598682, -0.3735461, -2.719519, 0.10942425
1.5634, -0.37331924, -2.7202291, 0.12531325
1.5765939, -0.3733856, -2.722556, 0.119617194
1.5826415, -0.37439048, -2.7220619, 0.12501346
1.5882424, -0.37496704, -2.7226622, 0.11841802
1.5972614, -0.37531006, -2.7236874, 0.11182259
1.6024026, -0.37722608, -2.7241504, 0.09803213
1.6073594, -0.37720376, -2.724528, 0.11062342
1.6203575, -0.3776068, -2.724008, 0.032077793
1.6532462, -0.37991583, -2.7161329, 0.13160889
1.6821808, -0.37920776, -2.7069113, 0.1274118
1.6898497, -0.38138467, -2.7013414, 0.13940349
1.6868289, -0.38300872, -2.7005591, 0.14959644
1.6893642, -0.38296518, -2.694958, 0.14509955
1.6917273, -0.3812573, -2.6950424, 0.13280806
1.6955907, -0.37861955, -2.694904, 0.1510954
1.6917939, -0.3829339, -2.694497, 0.1549927
1.6886604, -0.38526648, -2.6972542, 0.14959644
1.8081888, -0.39148086, -2.622145, 0.15589207
1.8067353, -0.39166278, -2.622332, 0.15439312
1.806532, -0.3914968, -2.6220713, 0.1468983
1.807461, -0.39122978, -2.6218417, 0.15559229
1.807512, -0.39111093, -2.6217782, 0.15709125
1.8080328, -0.3912861, -2.621729, 0.15409333
1.8075439, -0.39143866, -2.6219373, 0.15709125
1.8076825, -0.3911615, -2.6219492, 0.14180183
1.8079611, -0.3910675, -2.6213562, 0.14869706
1.8081315, -0.39109582, -2.6214948, 0.14749789