(-5.709, -0.363, -6.383)
0.0, 0.0, 0.0, 13.905873
-0.22736761, 0.0069874446, -0.4588814, 13.486164
-0.24223901, 0.008066325, -0.5967188, 11.133992
-0.2619994, 0.013200977, -0.73590887, 10.489139
-0.28311533, 0.020423185, -0.84894615, 9.277678
-0.30231082, 0.025561705, -0.9334504, 10.370121
-0.31260136, 0.023275405, -1.0114635, 15.191084
-0.30710492, 0.015307979, -1.1696563, 9.959405
-0.30300063, 0.01819607, -1.2586182, 9.784027
-0.30274457, 0.030773807, -1.3323463, 9.685395
-0.29409206, 0.032382607, -1.3975405, 9.662611
-0.28547055, 0.020664057, -1.4668733, 9.70698
-0.2768703, 0.012594296, -1.5437869, 9.694689
-0.27831334, 0.018541783, -1.6274073, 9.66321
-0.29899386, 0.022956315, -1.7238795, 9.486933
-0.3165825, 0.024956938, -1.7949103, 9.385303
-0.3260884, 0.03081569, -1.8668146, 9.408687
-0.32506442, 0.028604522, -1.9409546, 9.5331
-0.34504297, -0.018848278, -3.1138773, 9.075917
-0.33542144, -0.018061474, -3.1723714, 9.647921
-0.3180996, -0.028879592, -3.2261882, 6.4491353
-0.29904836, -0.03917019, -3.2884977, 6.3666925
-0.2808567, -0.048469145, -3.3545032, 6.309132
-0.2708071, -0.04311509, -3.3942435, 6.3088326
-0.26510164, -0.033442132, -3.4207711, 6.402068
-0.25545806, -0.024192883, -3.435971, 6.3229227
-0.24529825, -0.014608752, -3.4420025, 6.573849
-0.23652776, -0.0038299398, -3.4346879, 5.919102
-0.22711919, 0.0035631794, -3.4235873, 5.580337
-0.21994995, 0.013116054, -3.4032743, 5.656484
-0.206164, 0.02094614, -3.370117, 6.3867784
-0.19448985, 0.032243516, -3.3160796, 5.9014144
-0.18938325, 0.04774902, -3.2347028, 6.0561075
-0.17090113, 0.053223487, -3.1367533, 6.4608274
-0.15250921, 0.06633802, -3.0469823, 6.769314
-0.1445807, 0.07992395, -2.9862924, 7.0313325
-0.15634969, 0.0754923, -2.9104445, 7.654001
-0.1561996, 0.07944231, -2.922646, 7.8035975
-0.14011875, 0.0805863, -2.9910147, 7.5595665
-0.123401456, 0.083784595, -3.009623, 8.802506
-0.10717175, 0.0798244, -3.0167987, 8.750342
-0.07391999, 0.06330839, -3.0305936, 8.965893
-0.07319853, 0.06256589, -3.030066, 8.960497
-0.07239421, 0.060686592, -3.0301454, 8.928419
-0.07480749, 0.061998244, -3.0373812, 8.381298
-0.09249665, 0.067891106, -3.0542767, 7.491214
-0.13771623, 0.07527895, -3.0827367, 6.5702515
-0.2080717, 0.07448663, -3.1121478, 5.8330617
-0.27146554, 0.070247695, -3.1298358, 5.897517
-0.33550018, 0.06367533, -3.1506975, 7.0634103
-0.86418533, 0.050903328, -3.3832219, 9.575071
-0.99256754, 0.049908962, -3.530478, 9.679699
-1.0077726, 0.048833583, -3.543262, 9.542094
-1.0181334, 0.050331578, -3.5467117, 9.167054
-1.0255164, 0.050106466, -3.5502155, 8.783319
-1.0319201, 0.049356792, -3.5504887, 9.041141
-1.049584, 0.052297644, -3.549927, 8.8333845
-1.0591847, 0.056553114, -3.5505373, 8.678392
-0.95513177, 0.0388705, -3.7344325, 8.925121
-0.8411255, 0.01949484, -3.798162, 8.3789
-0.64351946, 0.019873254, -3.9244056, 8.356115
-0.28049174, 0.02371407, -4.207721, 4.976555
-0.27033246, 0.020110898, -4.203722, 4.9624643
-0.26040527, 0.01913993, -4.1975303, 4.9933434
-0.25364015, 0.018374128, -4.1907845, 4.9957414
-0.24651782, 0.01941116, -4.1857624, 4.986448
-0.24229853, 0.024893973, -4.1826735, 4.9798527
-0.23977473, 0.026397038, -4.1806808, 4.9894457
-0.23964892, 0.02583104, -4.1796694, 4.9786534
-0.24038222, 0.025098104, -4.179437, 5.0101314
-0.23970409, 0.023732314, -4.1795506, 4.9957414
-0.23889801, 0.023027983, -4.1783304, 5.02662
-0.23960833, 0.023768585, -4.173036, 5.034415
-0.24902618, 0.023807574, -4.154268, 5.0293183
-0.26337707, 0.033225965, -4.1178083, 5.1096625
-0.27791634, 0.062588766, -4.058109, 5.1360445
-0.29162017, 0.10584144, -3.9688926, 5.1618266
-0.3111301, 0.15055102, -3.8688388, 5.2523637
-0.33241367, 0.19756337, -3.7781591, 5.28714
-0.34823883, 0.24583821, -3.7136488, 5.4352374
-0.35932368, 0.28117847, -3.6867268, 5.430141
-0.36350498, 0.3126475, -3.6789844, 5.527873
-0.37396836, 0.36578712, -3.6701677, 5.568045
-0.38189968, 0.4248993, -3.655131, 5.5794373
-0.39334443, 0.50322413, -3.632372, 5.663679
-0.4105658, 0.62645084, -3.5849218, 5.842056
-0.41129294, 0.65495324, -3.5676079, 5.8711357
-0.41352803, 0.67153186, -3.5563262, 5.9092093
-0.4082306, 0.6766359, -3.5527105, 5.7997847
-0.40535283, 0.6643739, -3.5559292, 5.776101
-0.40257552, 0.6589009, -3.5560005, 5.7197404
-0.39567247, 0.66033995, -3.5556483, 5.6861634
-0.38415018, 0.67853874, -3.5613713, 5.582735
-0.3690948, 0.7261311, -3.564008, 5.732931
-0.36136484, 0.76822424, -3.5512264, 5.70595
-0.35143796, 0.7516914, -3.548254, 5.6654778
-0.3351183, 0.69450754, -3.5622475, 5.583335
-0.28880537, 0.4669962, -3.6068394, 5.571643
-0.27715528, 0.37419814, -3.6032648, 5.4598203
-0.2712326, 0.3156941, -3.5969455, 5.5083866
-0.26737177, 0.27520055, -3.5900297, 5.4097548
-0.2597243, 0.24549781, -3.5784707, 5.4532247
-0.25100145, 0.21722144, -3.5521085, 5.523676
-0.23967141, 0.19466674, -3.5258307, 5.5416636
-0.22843142, 0.17428355, -3.4853806, 5.6756706
-0.21437818, 0.15466514, -3.4050863, 5.714644
-0.23561086, 0.077652514, -3.2692559, 6.245876
-0.2441982, 0.06506343, -3.3702385, 5.7350297
-0.36729333, 0.072729826, -3.8725958, 5.360889
-0.38804257, 0.073212996, -3.9659183, 5.289838
-0.38539854, 0.06699355, -4.0547433, 5.1360445
-0.36850053, 0.059388865, -4.1339126, 5.0736876
-0.335653, 0.052349675, -4.2350354, 4.9345837
-0.30185837, 0.05515414, -4.338514, 5.2667537
-0.2799039, 0.06139465, -4.4356694, 4.7454147
-0.25695577, 0.059177127, -4.5338817, 4.6317935
-0.23033908, 0.0524971, -4.6371317, 4.572135
-0.20750643, 0.05441081, -4.7519155, 4.4929895
-0.18621016, 0.050305028, -4.832014, 4.3466907
-0.15981829, 0.05264502, -4.916534, 4.1967945
-0.12635636, 0.044608302, -4.9903255, 4.1335382
-0.06926433, 0.03818692, -5.10069, 4.019917
-0.0148729645, 0.040732194, -5.1996098, 3.9557614
0.04092144, 0.054909248, -5.294463, 3.9
0.09201707, 0.069936305, -5.3842363, 3.7851796
0.13615575, 0.07463081, -5.466293, 3.7360137
0.1728436, 0.08363083, -5.5584207, 3.7045355
0.20293401, 0.09771521, -5.6541495, 3.4479132
0.24004366, 0.12799077, -5.746036, 3.3855562
0.2713977, 0.16848026, -5.8202796, 3.6508725
0.29254934, 0.20071998, -5.875167, 3.3432856
0.31365508, 0.2046146, -5.922452, 3.2824275
0.3549119, 0.16669957, -6.032435, 3.976447
0.34587765, 0.15317662, -6.060427, 3.79927
0.30873585, 0.13162485, -6.1235056, 3.752802
0.27508157, 0.124942064, -6.158205, 3.7731879
0.24273638, 0.121350646, -6.183548, 3.7890768
0.21454994, 0.11548658, -6.20207, 4.1449304
0.19151507, 0.112008914, -6.215505, 3.816358
0.17258136, 0.11047368, -6.226551, 4.016619
0.16088313, 0.10433693, -6.2339745, 3.9155893
0.15801804, 0.10131985, -6.23923, 3.949166
0.16128337, 0.10121876, -6.2417517, 3.921585
0.16641742, 0.09914957, -6.2410808, 4.0960646
0.1714765, 0.096665025, -6.239742, 3.0180106
0.17587061, 0.095030606, -6.2373915, 3.584019
0.18140063, 0.09178913, -6.234655, 3.2098777
0.18593094, 0.09120047, -6.2332172, 4.221078
0.1851871, 0.09114492, -6.233907, 3.271935
0.18491644, 0.08717103, -6.235368, 3.2839265
0.18485774, 0.08647714, -6.235518, 3.240157
0.18565601, 0.08560035, -6.2414274, 3.2362597
0.19294073, 0.080767035, -6.2540836, 3.1445231
0.20901476, 0.07039599, -6.277564, 3.2005842
0.23056723, 0.0647136, -6.304985, 3.1325314
0.26755425, 0.05940781, -6.353565, 2.9964256
0.3202722, 0.056389373, -6.4104986, 2.958352
0.36759132, 0.055840444, -6.4756265, 2.8929973
0.40344805, 0.060759995, -6.5332274, 2.782374
0.43600887, 0.068137094, -6.5971484, 2.7655854
0.46758607, 0.06359711, -6.680741, 2.8105543
0.5006386, 0.059096057, -6.7826357, 2.6792452
0.53610504, 0.06271894, -6.8976684, 2.6153893
0.5750332, 0.070550844, -7.005577, 2.5842109
0.6105402, 0.0751878, -7.074788, 2.4672918
0.6607896, 0.063754186, -7.165304, 2.3383813
0.7333188, 0.047345977, -7.2831125, 2.1878853
0.8087802, 0.052289467, -7.3795567, 2.1276271
0.86642456, 0.06638664, -7.4445715, 2.163902
0.93048733, 0.06520641, -7.5302176, 2.098847
1.0111898, 0.05114848, -7.640398, 1.9072796
1.0844736, 0.04335124, -7.740841, 1.770874
1.1855717, 0.04665558, -7.8465056, 1.7061188
1.2626834, 0.058864597, -7.919869, 1.5844032
1.358624, 0.053947013, -8.000857, 1.5346376
1.4600735, 0.04376633, -8.079351, 1.4267123
1.544632, 0.05928078, -8.134816, 1.2825122
1.6154525, 0.06831165, -8.1859255, 1.2561305
1.6999779, 0.059066202, -8.248104, 1.1461066
1.7748132, 0.04771789, -8.298483, 1.1320163
1.8445091, 0.053632174, -8.33563, 1.0798525
1.9094988, 0.052114982, -8.35228, 1.0288877
1.9637725, 0.05426139, -8.347977, 0.9746253
2.015282, 0.054395143, -8.337622, 0.8927819
2.080192, 0.05141144, -8.314985, 0.8085403
2.154253, 0.039182074, -8.286245, 0.76956725
2.2153242, 0.0314796, -8.257361, 0.67753094
2.2725327, 0.018438991, -8.217928, 0.6241679
2.3029912, 0.013717208, -8.180552, 0.60947806
2.3351161, 0.02382057, -8.141883, 0.5902913
2.3838005, 0.026481407, -8.1235285, 0.54502267
2.4562786, 0.020740852, -8.110744, 0.51384425
2.5319548, 0.0044887867, -8.091831, 0.381336
2.6033351, -0.008515502, -8.074856, 0.30458912
2.6387117, -0.012266784, -8.071862, 0.29049888
2.6613684, -0.02234113, -8.0745535, 0.27371052
2.6696985, -0.036894403, -8.078666, 0.2782074
2.667198, -0.045177512, -8.081394, 0.27490968
2.667578, -0.053896382, -8.084264, 0.27700824
2.6659644, -0.061966553, -8.090774, 0.27910677
2.662671, -0.07552354, -8.09429, 0.24852794
2.6598845, -0.08250002, -8.097747, 0.23503728
2.659306, -0.0866164, -8.102435, 0.25152588
2.6653008, -0.080134705, -8.108886, 0.2548236
2.668395, -0.07581033, -8.112821, 0.2785072
2.6687782, -0.07204139, -8.113247, 0.29559538
2.615707, -0.07279687, -8.135291, 0.28420326
2.6253567, -0.08449562, -8.139593, 0.28510264
2.634588, -0.09994155, -8.138388, 0.27700824
2.650732, -0.11833717, -8.129451, 0.23563688
2.673638, -0.13964294, -8.115452, 0.23113999
2.6994452, -0.16501734, -8.099364, 0.19246675
2.7143252, -0.1952728, -8.073491, 0.17238066
2.7213035, -0.2252572, -8.050351, 0.082442924
2.7264, -0.24753179, -8.03248, 0.04017219
2.7348988, -0.28003582, -8.0189705, 0.49375817
2.7429876, -0.3106729, -8.011101, 0.25572297
2.7467117, -0.33465356, -8.009087, 0.2269429
2.7443292, -0.33809403, -8.01013, 0.16428627
2.7451034, -0.33552587, -8.014153, 0.1789761
2.7452562, -0.34048623, -8.020972, 0.17747714
2.748191, -0.34165937, -8.032568, 0.19426551
2.7466366, -0.34403545, -8.032325, 0.19816281
2.7419922, -0.344031, -8.02678, 0.18796988
2.7388828, -0.3487441, -8.025648, 0.1750788
2.738418, -0.35506237, -8.028063, 0.19666386
2.741154, -0.35071328, -8.025962, 0.18587132
2.743213, -0.3515458, -8.024779, 0.17957568
2.7431643, -0.34658515, -8.022314, 0.16428627
2.7423623, -0.34657195, -8.021788, 0.14749789
2.7435322, -0.34442475, -8.023684, 0.17627797
2.745551, -0.3420148, -8.025787, 0.16818357
2.7463932, -0.34090626, -8.027798, 0.18437237